0.985 0.525 7 -10.637 1 0.185 0.0631 0 0.116 0.425 120.011 89234 4 
0.702 0.996 0 -3.071 0 0.311 0.192 0.00182 0.125 0.106 138.066 94173 4 
0.932 0.705 11 -7.835 0 0.193 0.764 0.024 0.108 0.528 118.996 98899 4 
0.521 0.993 6 3.148 0 0.463 0.00063 0.000416 0.613 0.152 129.455 77538 4 
0.965 0.498 1 -4.276 1 0.193 0.109 0 0.107 0.667 125.923 99048 4 
0.826 0.381 1 -11.792 1 0.914 0.00708 0 0.115 0.0365 150.326 76120 4 
0.473 0.924 7 -33.357 0 0.291 0.986 0.882 0.451 0.0239 203.896 78961 1 
0.322 0.864 2 -6.559 1 0.0415 0.0424 0.983 0.151 0.0948 151.8 96120 4 
0.701 0.736 6 -5.178 0 0.369 0.195 0 0.949 0.919 172.852 81240 4 
0.834 0.845 10 -3.846 1 0.125 0.168 0.00129 0.0688 0.976 154.931 92500 4 
0.751 0.718 0 -11.576 0 0.0447 0.39 0.225 0.29 0.433 220.034 86870 4 
0.965 0.498 1 -4.276 1 0.193 0.109 0 0.107 0.667 125.923 99048 4 
0.54 0.265 4 -8.841 1 0.123 0.0281 0.0137 0.111 0.0644 141.188 98174 5 
0.0651 0.926 5 -4.355 0 0.108 0.00638 3.88e-05 0.398 0.0321 190.648 91507 3 
0.223 0.0223 3 -20.306 0 0.0464 0.976 0.84 0.0967 0.059 138.784 67944 5 
0.829 0.634 0 -11.808 1 0.153 0.0565 0.784 0.844 0.49 107.999 99004 4 
0.473 0.924 7 -33.357 0 0.291 0.986 0.882 0.451 0.0239 203.896 78961 1 
0.434 0.945 4 -3.86 0 0.107 0.00125 0.000351 0.397 0.156 136.511 98952 4 
0.557 0.338 5 -9.892 1 0.0257 0.134 0.00184 0.14 0.689 140.935 85124 4 
0.155 0.679 1 -8.105 1 0.0364 2.14e-06 5.38e-06 0.259 0.394 143.396 70942 4 
0.965 0.498 1 -4.276 1 0.193 0.109 0 0.107 0.667 125.923 99048 4 
0.696 0.859 1 -3.822 1 0.23 0.156 0 0.0249 0.767 134.932 88889 4 
0.473 0.924 7 -33.357 0 0.291 0.986 0.882 0.451 0.0239 203.896 78961 1 
0.45 0.17 11 -21.006 0 0.0475 0.966 0.138 0.044 0.213 75.418 66717 3 
0.404 0.631 5 -13.251 0 0.22 0.894 0.829 0.435 0.655 151.138 25600 5 
0.512 0.44 1 -7.816 1 0.233 0.00386 3.11e-06 0.233 0.132 207.992 86805 1 
0.52505 0.50915 5.5 -15.1045 0.5 0.46985 0.493001 0.4915 0.48695 0.49995 147.726 62324 3 