0.721 0.568 
0.649 0.772 
0.725 0.578 
0.727 0.846 
0.756 0.794 
0.618 0.743 
0.577 0.692 
0.65 0.952 
0.712 0.982 
0.714 0.853 
0.717 0.925 
0.733 0.66 
0.812 0.813 
0.677 0.655 
0.675 0.574 
0.803 0.789 
0.777 0.902 
0.825 0.761 
0.923 0.94 
0.814 0.758 
0.831 0.814 
0.775 0.634 
0.865 0.891 
0.81 0.585 
0.832 0.802 
0.718 0.668 
0.817 0.911 
0.799 0.546 
0.721 0.899 
0.777 0.812 
0.672 0.574 
0.827 0.771 
0.698 0.987 
0.864 0.727 
0.881 0.903 
0.876 0.726 
0.783 0.929 
0.849 0.736 
0.893 0.907 
0.852 0.721 
0.736 0.932 
0.697 0.873 
0.849 0.98 
0.814 0.74 
0.876 0.768 
0.841 0.576 
0.888 0.906 
0.694 0.711 
0.735 0.811 
0.818 0.576 
0.85 0.893 
0.814 0.575 
0.89 0.74 
0.695 0.686 
0.799 0.966 
0.607 0.749 
0.8 0.824 
0.623 0.716 
0.735 0.933 
0.674 0.646 
0.787 0.727 
0.765 0.726 
0.563 0.68 
0.63 0.876 
0.849 0.648 
0.756 0.74 
0.665 0.827 
0.848 0.663 
0.806 0.702 
0.777 0.711 
0.622 0.859 
0.585 0.895 
0.801 0.679 
0.596 0.881 
0.758 0.716 
0.838 0.634 
0.783 0.684 
0.846 0.616 
0.716 0.745 
0.734 0.724 
0.69 0.76 
0.738 0.712 
0.678 0.77 
0.58 0.867 
0.869 0.572 
0.571 0.865 
0.816 0.62 
0.745 0.688 
0.753 0.679 
0.713 0.839 
0.719 0.704 
0.789 0.623 
0.796 0.756 
0.829 0.59 
0.854 0.98 
0.798 0.624 
0.726 0.823 
0.767 0.637 
0.876 0.759 
0.835 0.559 
0.877 0.655 
0.77 0.623 
0.76 0.774 
0.579 0.813 
0.836 0.706 
0.68 0.707 
0.704 0.838 
0.765 0.62 
0.755 0.788 
0.602 0.762 
0.818 0.709 
0.726 0.634 
0.774 0.751 
0.705 0.648 
0.721 0.803 
0.767 0.576 
0.755 0.765 
0.76 0.576 
0.777 0.742 
0.748 0.573 
0.812 0.707 
0.608 0.662 
0.725 0.554 
0.569 0.712 
0.644 0.64 
